2.87424135
0.956467981
17.88493618
5.449598283
22.14942975
0.088597764
27.01301544
6.771099614
1.41156069
6.069806521
4.15931032
15.36219979
1.222432894
6.661439803
11.20520225
0.28724384
8.207138395
0.10555163
15.49141039
5.284597795
2.247796976
0.097095128
2.159919636
7.542133704
1.828843681
10.23293773
4.404271021
5.839796201
9.356788918
10.96007999
26.47401276
20.74847489
2.665114542
22.71437966
1.825911063
3.087492683
2.015143214
1.212080405
9.18839376
28.30065179
4.576637316
12.28709703
9.105753014
34.22336094
0.914006936
1.874093385
1.744037261
1.134567498
4.734671814
7.123602228
47.14048435
12.39823981
11.52228462
12.00441525
7.774717687
6.786645949
3.492078977
0.981931784
0.116838282
4.759745859
1.772187883
16.8117852
1.429463807
15.43043833
0.399564696
3.243436315
14.0875292
12.42266383
0.181251531
0.147720356
12.72237492
3.533858573
11.96207365
9.174006642
1.961251558
18.58308041
7.898167404
26.68025661
6.844029087
21.06227134
8.525185729
1.537946798
3.730352805
2.344346442
11.02144369
35.01624037
28.07544933
3.525386984
3.683203971
17.9033617
0.378948986
30.25268619
3.350502974
1.071836497
8.025474474
10.32756104
16.08372387
3.742214036
6.868296582
2.196339425
2.88852097
10.18126393
2.917015459
7.169134193
3.967389464
10.74261109
2.979967743
0.605553947
8.874829905
0.436171191
5.154063273
2.835012786
7.357136719
4.619804327
7.554387208
8.784452453
7.644923078
3.474134998
11.14341232
5.627245805
4.831404216
18.41381395
3.856512601
3.397048311
6.292048702
4.029776598
9.501318913
10.04873409
10.42223023
8.808078733
26.06835086
10.27833768
36.08453949
1.151185669
44.59024421
7.409481914
13.7673514
4.852217948
0.779753993
6.208729022
13.1204755
2.149712364
22.3096689
11.79814374
9.664943931
0.929253409
30.29008226
2.479289006
7.504940685
12.17180081
19.35979931
8.07886133
47.87255831
16.78495787
5.967951939
3.61357613
5.743706902
21.69967485
3.286575666
31.09391264
6.255105883
38.082109
23.68952525
2.220765338
31.42710649
1.787330001
7.058506901
5.097162304
7.78002406
6.10026049
41.41467554
12.72758888
11.47544507
7.537372992
6.751794624
5.936444364
8.681499632
0.336533203
12.4212167
17.21992018
1.595461322
2.180307149
10.48303004
8.012447739
6.69521112
1.967510325
12.75085432
12.42135626
3.864500136
19.4140977
1.217816141
20.50071862
6.446626922
1.877822494
2.830272191
1.804861589
7.544548949
8.527985075
0.258409884
2.334965207
1.159661659
1.494922489
45.25378982
8.068664116
1.38430777
0.813591946
1.948155044
20.45949348
27.44662869
0.133425649
0.981670269
5.078834854
4.755650251
21.88560599
12.87965504
11.40261178
16.73191048
4.687012522
3.198295366
4.05776063
4.951199004
3.534929152
9.638633975
1.699057245
4.321621475
11.7149875
17.22279747
8.44174535
7.574212085
13.01937969
1.053556823
4.455902078
2.866074024
3.627306945
10.36635458
2.220171271
9.915355593
19.5372991
16.79071058
0.941689848
19.91670385
1.723689353
8.187905699
1.107567293
12.96659822
6.527527585
2.626434155
1.72336183
7.443974284
9.455140075
22.52654498
3.001819993
9.220846812
0.604849868
5.31570178
27.09627855
0.952323969
11.95317395
11.22062285
6.197855389
15.73538915
40.64891639
3.709352994
1.996767358
11.30386207
14.17162211
8.005661541
0.998957315
1.554143149
0.164107815
11.75495409
49.31059303
4.457859043
6.050507817
4.363634926
7.42053974
1.077066176
0.159091246
10.91198819
11.7894779
11.87938952
43.06029249
1.017045882
14.47701738
8.397763618
32.71704807
22.00573396
10.69443128
12.59175679
10.95183282
0.709133525
7.194968266
2.973998152
0.589722209
1.93277467
20.52264756
4.709848599
27.0166402
38.00796058
3.583847615
7.239817525
31.77369547
11.01762783
0.299395504
9.104835824
1.388370688
13.91198197
1.633844362
20.65551435
6.730000209
34.53539342
9.896218451
10.85754836
0.999851874
0.172391441
15.63642696
0.154724065
20.06969035
6.041987822
7.513616583
0.338578178
26.53643258
9.419091186
11.56429744
3.523438191
4.603553913
0.916202785
0.893593021
0.923516415
1.12194058
28.22941965
3.159124637
18.77234776
18.35381188
14.12704128
5.425853189
1.733289985
0.371880527
13.55007424
19.76306734
0.585430465
2.826514165
1.168724173
4.57550073
8.334821393
5.440129037
2.000597049
2.857278683
18.49349756
1.698385226
23.43232613
1.57258187
6.627175002
3.922841325
1.536670653
10.23528005
1.087898947
10.23656123
4.188889218
30.97868557
9.753129934
23.48098748
3.562384495
16.43524203
1.273339125
23.23316645
23.18139269
18.26510977
7.433885196
15.69421808
3.646713146
6.229795469
12.01667944
4.004066996
3.444842133
5.211191811
2.313166391
5.283679347
5.162956053
1.857594657
12.37596448
9.78668374
12.27915224
1.233403338
22.11485629
12.8629256
12.81535306
5.550934235
0.961735379
2.300847508
44.28478356
6.456678919
6.18998101
38.2578599
12.98259529
6.441578921
0.860730722
18.60041397
3.0800835
16.56525477
20.98083382
22.25080845
0.580788567
4.192337953
0.922511844
9.316958115
2.369511011
27.03065705
8.643899881
4.17652633
2.281734883
13.464609
10.54588112
5.727961287
23.81986426
8.984167222
5.682950467
5.563239916
1.368630677
12.08791409
2.953402558
0.648639863
0.330793695
0.311709987
14.731607
3.374632797
9.70360043
21.25583799
26.23330106
2.426270535
0.378432241
12.00141222
2.557003708
1.724935323
32.49735693
4.4266287
21.07899073
1.362783671
6.505555892
7.350825146
11.12232262
30.03220484
14.20553236
46.89521561
1.899461006
10.30047534
4.934218107
19.15526285
16.62374621
14.77371978
6.492312904
8.912144252
13.97165714
2.681374387
10.68090918
9.935804713
1.513686846
7.937426772
4.414380854
12.05863694
10.59966967
2.2184117
2.583763772
20.82035453
8.891712106
2.882546349
6.714441301
6.275234395
6.171242427
2.602269128
24.0801123
3.001546534
7.247899356
13.04998768
12.71912672
2.248546318
5.555556645
7.734908257
1.4514487
6.715037255
2.266893256
15.46343139
3.058258281
9.915436059
23.77907289
1.797747868
12.87801177
2.751310263
7.544811722
14.84367137
5.091174482
13.38487573
0.121909543
4.701746022
11.27107835
9.476909973
15.41026204
3.153226082
2.523924527
8.893530141
1.537577785
1.535286382
10.95381808
1.373013575
43.8831544
1.116302912
1.378797716
16.76200298
10.49695637
2.804279071
1.705525978
0.792314904
3.780647996
5.081807706
26.44578167
4.46395562
1.1166977
2.051303373
0.581855373
9.505788563
4.922507121
22.45764071
7.971291128
20.1595498
4.523596214
12.84137762
17.97272614
0.847532996
15.57869241
13.96631871
25.35418316
8.797625662
2.947094128
6.146599003
1.397631224
10.41875069
0.051805191
9.4609085
0.00699365
24.89319379
2.34887267
1.093873568
14.91831264
6.105994969
8.28824651
7.553887437
1.19485748
14.92430109
4.359169677
6.417457899
8.453595266
8.96714672
0.184279075
7.876748918
1.173335896
36.62786472
7.197284815
5.680695525
2.0388223
1.28249405
9.768646723
11.90019823
11.22571989
7.466313732
13.20120015
13.27511282
0.169229996
1.932429546
7.348997053
9.966141125
1.769020781
9.815304587
3.565388778
2.600321593
0.7754019
19.42464947
24.82862275
4.54101779
1.770740747
6.033280492
38.64953262
9.608330252
26.51611862
20.82246866
2.136223577
13.09320373
22.06437879
16.48442012
0.080463127
2.557833516
6.579997251
12.74399646
0.538775744
25.09235283
0.484320195
8.255993994
3.650256176
0.275297742
7.977080299
22.06045606
1.281866664
0.236639357
3.491212078
11.0880421
4.825941939
24.46885868
0.382395834
5.54526702
2.644569869
4.97070516
5.652388372
33.90482955
15.93660323
2.286545257
11.77248757
1.498795557
1.513690618
5.513604172
10.39242628
2.493561711
0.913653639
7.223184896
10.46152418
13.1823044
5.112290592
7.460090169
2.714908705
13.39831108
25.95430249
9.144094563
22.21869738
13.46177822
23.37831755
18.91079627
3.9656871
1.184307598
22.89709845
18.80638939
0.007465133
32.42287219
18.46175676
0.699629704
1.581861265
29.38054434
4.711268703
19.09870575
58.54955229
1.206858899
1.709217997
11.55043649
21.61669149
1.95862446
5.627696542
18.36398207
1.154425065
9.383846959
26.695014
1.483327174
2.310170908
6.890141917
2.678731573
8.061889862
2.773704403
9.126035543
0.724617625
0.200423878
0.009392551
10.29380606
5.046478612
9.454283863
7.389003248
4.239630746
2.343510976
27.71969223
12.55391689
5.178948096
33.27118785
10.24694326
8.405272127
9.229855891
9.348065243
32.49999345
8.278849558
53.12447548
10.38909007
9.685313213
13.71200758
14.63466526
8.34817565
22.62301147
29.81159901
3.369586053
3.186546033
4.991777893
3.053314635
6.988593028
4.785962147
9.518419881
14.85605941
41.61531881
3.447662853
9.578156658
1.656476757
45.77080698
0.45938571
3.319150675
18.63233708
3.627667786
20.71836353
6.173643214
6.918789796
10.9530417
22.42383419
3.606884857
15.35851972
1.263106707
1.28103497
0.031221542
3.304050048
7.338126563
10.58375684
1.424134802
12.11702654
6.042957189
9.185845242
4.023651732
12.99904499
16.97339918
8.512584586
6.913946732
23.84615159
53.16499025
3.939932864
0.831110962
9.559490997
0.557016442
29.24859915
7.909181225
1.404686482
5.767999543
39.61146162
5.804201192
0.601424393
12.1800222
5.316994269
10.67120167
5.667456938
5.221831589
0.975254341
5.44613509
3.964976105
9.678161773
3.410589905
12.4645063
3.57816217
1.656865259
9.952636622
11.09009462
12.16542134
17.44869081
37.20917192
27.64039398
9.783299128
2.486471878
7.561469497
2.141149621
13.53006705
1.12266792
16.58705107
1.231123251
20.78572072
2.594651235
6.709190877
2.668032073
7.205425738
7.619752223
1.218760991
14.18239768
9.021219425
11.03022583
0.944056059
3.369594854
31.16545219
7.701274613
9.303489444
28.53403289
4.880814906
2.639865736
17.06166251
2.111910819
6.559186033
13.23055525
15.30290998
4.251083988
0.415437925
12.58458272
13.49645604
3.190170159
7.070469973
1.040581637
13.70455753
6.028653053
10.61751684
5.27165907
5.253111594
6.235225056
9.769663867
8.713329071
2.916846983
2.35645033
7.667166344
33.98127251
30.35756706
0.960341678
13.05848819
21.38958739
5.052833562
30.84832518
4.89965973
4.455449455
0.775923044
5.860365392
5.754436576
32.52019614
11.09205473
2.380578895
8.089690958
10.56721096
0.155973178
8.002870996
7.078600838
9.452077956
1.883399184
0.382345542
29.05525693
19.04991616
0.726469606
1.070110872
0.139206019
51.90678569
4.229676188
4.173715669
1.086944039
9.287639474
0.960750924
18.15063267
5.864032265
2.362015075
7.875234517
7.800137484
10.02497643
80.01528655
6.351806223
14.32611044
12.26828615
6.288572936
0.272182189
6.879169587
10.34664412
1.675474341
9.067949583
12.75398119
17.3925769
2.292913408
17.18746084
2.196949208
10.37777702
3.067915491
5.332164047
4.322405392
15.74757099
9.814300644
8.773261984
2.777565527
19.00310679
16.818352
10.48719857
34.02961702
22.19056059
12.57837676
6.631909311
6.10147377
1.087836083
3.133622487
20.93568093
1.113438187
12.42417006
6.81406986
13.02472819
3.461481677
21.25290034
0.593915256
2.393318969
4.324339726
3.509462206
6.644448848
0.24918078
17.10998251
13.66467706
2.833821508
13.43368229
2.570180688
38.84133026
44.21718686
7.159339311
2.963977586
16.86545494
0.34566801
2.785861096
8.756262856
0.700431224
0.354851852
1.28955245
0.066739856
0.019613025
1.979631814
2.6342639
5.489916913
8.177432511
18.44178289
1.224040962
6.30218368
1.280230936
11.67344176
3.388347267
30.45727608
8.093181183
0.665159966
10.12589496
4.244085937
0.527101848
6.56624632
4.717577761
30.94183956
35.40254447
4.419217003
13.34729295
3.134826967
8.955310006
25.11906512
2.423732076
0.884529878
15.15153218
55.99922603
46.95235421
3.152774717
41.14443082
10.65662974
28.77201817
17.11719807
8.873640513
16.57447696
2.015679446
10.06725014
7.611439051
1.04028869
0.08196244
7.27641019
6.957391603
5.158312269
3.115157364
28.94890127
10.6712023
22.14953096
8.140480262
2.916268632
6.5680851
1.055874
4.567936901
1.199259865
1.383091975
14.16310086
1.823665551
23.48835454
24.5207896
4.341037106
14.9705189
1.728378399
0.338252541
22.78863683
6.720439182
11.07368076
0.628319615
1.954106404
18.16726781
7.965750271
24.13334702
15.47475702
4.966707621
3.335413034
52.82980234
6.159126596
4.143801075
33.25592
1.980519458
1.224304992
5.660303612
12.89305268
21.99863847