44.21121099
69.65823777
45.17681566
76.29859666
75.35151998
48.97252657
65.40034181
74.09597584
66.50968501
50.06255913
67.17474062
52.13204725
58.36231986
68.4637229
41.25076197
68.50356879
53.72936872
62.87491797
59.30631054
51.54774708
59.33907037
76.8545771
67.39304939
67.12095332
63.21815627
42.95148072
59.56863435
47.58414959
71.9298251
85.48225171
68.47804652
65.88159485
53.70257534
66.76825017
64.24438662
61.53213393
65.37687331
83.8119511
58.26079028
64.60869892
71.52019206
50.10925597
59.22318322
45.21732288
56.3445772
51.12647598
60.07495516
56.62070727
67.57350129
60.27218301
39.1028601
59.46377926
50.06090894
55.42103816
58.55105601
67.45072296
48.09517453
68.93898624
52.20171218
74.50840194
44.40568036
66.57951213
57.44579332
61.13976091
69.53889183
55.09574823
59.34285794
59.0979161
61.32836882
61.00077932
44.01460297
73.15191475
61.08790229
62.04734689
63.79010675
57.03972657
46.31276177
41.09891395
52.05321796
71.76640816
70.11035511
73.12027705
61.76551755
64.75412976
63.11541593
62.82206734
61.28821112
62.02279022
55.50835852
64.53544633
50.58344936
78.67921328
49.33157335
72.96824609
69.06060472
65.02064033
55.13975448
76.30602659
57.01414081
66.24467312
44.80905463
45.0193394
63.6002315
56.08983734
55.2997648
54.89382127
57.72022856
56.06695097
76.48852912
76.2027255
57.14287867
52.37776735
55.49431338
56.89615274
52.7256683
70.00655802
66.57521913
52.31573288
65.7691489
46.84555409
34.18328308
64.09784371
54.1775451
62.23922877
66.12359842
62.22130617
57.20044097
66.34316761
43.51624832
53.93307789
61.36691845
59.20514243
55.15257565
56.78709832
66.28570401
74.46211057
63.53426864
73.66898598
60.97565687
44.11405739
44.95174584
60.31382745
52.53950392
67.38055889
69.26269198
77.29426052
43.87449296
62.28553648
55.82421755
67.34912675
71.49488856
54.34321195
42.05829317
60.93305941
53.47188232
62.87350729
67.7768559
62.99445312
51.50537468
58.35624717
53.05914504
56.36793694
46.64470903
61.08902378
67.42697284
64.83484057
72.57382306
58.33395738
77.534783
64.41777698
63.65928557
57.52698064
59.04421932
56.85109792
65.57630582
63.43972329
65.68090506
62.94835978
54.98908013
67.05666077
48.49877071
70.97534111
54.69884332
54.40323162
73.9290165
50.78233494
72.05577178
59.54890125
74.17192091
63.62338504
51.32516795
67.55725213
68.00939713
66.46219043
45.5513038
39.40184007
72.16203504
50.73620011
41.25349154
69.43421778
60.79662633
54.05832867
53.78365391
59.26321582
60.29200915
54.93544182
71.85114794
65.1765123
40.1049556
72.4691025
48.2702289
55.03296568
55.90347745
44.06348497
63.57175147
56.39955516
55.07107212
56.28293878
85.34828732
66.43354883
69.95433164
49.40148219
62.63988605
58.95684741
35.84822011
49.90777597
84.39882179
59.1475443
66.83380944
81.83608549
47.47214494
53.91670174
51.3283558
80.45563947
58.36653491
68.29230082
58.50081991
49.81172313
46.84147106
65.08683453
59.35943713
77.76199649
57.77530333
71.73006821
67.84011999
54.80990438
83.06230281
43.9274448
77.36400592
54.4326653
69.6061434
63.62945836
35.84285842
63.39242673
52.09478759
45.25262809
40.00106107
75.24485628
61.0224304
59.16531917
50.76523838
64.33430894
47.19397996
52.94730258
63.55606997
63.90381251
42.91281793
55.42934504
68.91666753
56.04795087
60.95382788
62.69467666
51.01353717
57.38194585
54.74713314
47.13977021
62.33385899
66.71637269
51.77886696
59.46511952
68.47130433
45.10155958
72.10787181
52.629557
41.58400486
57.12198196
53.14199701
49.52874337
57.754775
70.43535775
57.96542249
59.5659337
51.79502056
47.6077545
38.03526317
59.83654491
51.20392602
64.92484147
67.97967553
61.21474605
51.09577873
50.90745371
71.05486505
83.32725624
56.49495169
62.66648141
54.81678487
52.16600276
83.53002558
53.79622676
64.22417513
48.47337857
49.82747252
58.03893157
64.04394703
35.71229624
60.10482889
57.18640087
68.19736634
50.78764446
34.64411341
51.83394738
52.17370929
71.22683278
69.47229216
65.88538871
36.50698678
44.6093474
61.86668943
43.3074767
58.83040284
51.93711268
63.28534624
72.73304632
75.66372848
53.27579482
77.43106764
53.63195739
51.43252504
37.48814785
55.06053292
43.53516984
79.36824721
49.76239793
54.06207223
60.53655809
65.05647926
53.82256061
55.18399333
55.78929079
70.13884457
58.64699695
51.75062707
54.55770737
66.99267814
63.14359296
58.78844596
67.01190267
61.59054805
64.91987833
45.03460284
59.77159732
44.73929855
81.11620217
64.57105579
64.60497484
56.45773604
63.76800179
64.00628441
52.45339496
90.40334125
61.03269048
67.41985912
69.33088652
68.49589872
45.93858544
24.93486777
54.32827792
75.95229812
55.95816434
59.15574054
78.44382492
53.00154188
61.93303701
51.90543097
65.58126581
56.6585063
72.40062696
58.21156567
74.37081404
58.13139738
61.0962098
63.79560549
59.89023226
55.81954799
63.44908252
53.15892887
69.94464363
83.40764958
47.62296954
47.70358291
70.67350019
54.53181735
69.69195502
52.02111569
56.10446711
65.46115105
55.80333592
58.34951818
43.25218003
59.71104896
53.19835546
65.40071962
59.08545577
56.96454404
46.20593903
40.98942764
64.55934292
75.39318516
68.94715608
76.42652357
55.38131045
69.26357963
59.49350777
77.24435383
76.99122957
60.66427063
68.44348186
59.02406503
59.72278069
56.63338448
72.88685823
65.62202512
58.35427134
49.63759286
72.10417036
48.25617559
45.56701106
46.15903222
57.89344793
46.80440566
63.75087693
47.25673548
64.7014935
55.74462698
40.15977262
64.3299537
49.84419378
59.0926751
73.24675682
66.13232524
80.41792845
68.94205527
57.78175006
67.37859249
56.28030163
68.24455289
42.23565592
61.99047547
64.05736981
85.1879633
58.82722191
53.46381369
63.78613184
49.91211549
59.5518169
57.15472042
58.64832653
76.72480324
61.54012901
42.46921241
65.63151889
61.10740467
70.85596626
49.18109765
59.00016655
53.8624964
66.41921138
53.67036494
54.80338472
45.71003357
54.54445181
37.61097521
48.136306
60.54316575
62.72687449
67.9439089
59.92666965
58.33761231
63.06393638
76.86371002
54.02418457
52.87210308
54.39414773
39.17235152
63.10562859
68.70449306
52.37719403
35.03250775
55.77764204
72.27158421
54.98279245
67.47451269
58.50272093
53.31184685
63.01907706
69.79528691
67.85544693
65.7777041
54.88168406
71.06065233
60.61509191
53.92339176
60.72222898
47.11452518
54.4489
66.79296903
56.20822208
54.01069201
59.52720679
40.53010542
58.02017287
69.61312322
50.67045665
58.68295531
60.78441306
63.55584869
55.96613302
66.32055973
52.64114602
70.20823793
60.13593099
68.28956937
81.14116683
59.2450713
65.29346877
56.32710722
58.93299985
42.70443292
71.91520601
63.02293001
50.13293882
58.8541473
44.7462155
52.80810411
68.58713615
65.46135473
41.90128839
54.11848412
49.69696691
73.25431814
34.49670863
54.45966299
62.940503
41.168924
67.44213884
68.50878967
63.04247011
64.2060501
58.13196378
66.02959558
58.25439573
57.18677617
35.20071809
50.69941697
69.92771113
54.07735265
57.2025287
72.22319632
57.83431213
63.33960313
59.69683409
48.66231401
54.03504563
58.45887624
49.87861889
52.75719725
72.16638147
62.63405853
56.11414318
51.73908204
58.27789565
59.81514025
51.80205696
60.32346832
62.80529138
60.80969519
64.04072838
64.01442848
50.44516178
67.90657633
63.54759021
84.24512241
65.33535963
78.12507916
48.26936955
42.40695604
76.48404816
74.37859161
56.32282114
62.72357097
57.44613404
63.27056182
44.49184276
65.23632326
66.50168742
63.63785702
63.85378826
50.80847642
55.47658377
61.60438699
69.64507964
68.08306777
77.90537418
42.19259452
62.01500134
55.12505241
56.18415324
60.2427355
71.00972158
63.18638215
39.25505073
64.41028921
69.48922591
80.31621783
68.73803555
70.85234465
68.81506504
54.32859161
75.55058096
64.69758146
70.94548687
91.52324439
64.05833981
66.67639541
71.90156069
64.02683978
58.69285581
49.10763258
72.80715262
52.40599278
53.08328806
64.03357442
72.75069295
80.9155721
49.53235744
76.21794934
70.83261909
56.09633059
52.73302908
67.15447004
59.24784299
63.58336501
74.45117722
49.60757203
53.65265482
49.03260092
36.66903831
53.17682445
66.9486172
68.9874395
48.40053648
36.91450758
57.71144642
49.77164213
30.31126941
48.85624149
73.31054898
57.37015628
66.36583395
46.10080607
75.643908
59.05147323
42.01481624
58.60370169
58.82791718
45.23427109
60.68251573
56.59873558
57.88811201
70.11709039
56.60246972
58.22123482
57.10670343
60.90737307
60.04121087
44.3843876
50.46530727
70.41040189
53.68606027
51.29632205
61.46301404
49.88878404
46.74172997
57.85844887
49.33911141
60.11061869
53.30367386
66.52189263
63.58081084
72.39222829
70.13941726
48.19407889
45.8567173
56.42977401
55.51216558
47.08036599
49.20390418
74.61717913
56.25626736
69.47256625
72.49277718
61.94143442
56.13479221
48.42295262
59.4042229
62.77194691
66.36500414
56.95778362
38.20541727
57.87334519
45.87032867
58.15222682
47.93947355
61.70504589
53.59058578
68.17397517
73.37518979
69.79685035
69.3991238
38.84290501
68.87077221
50.88464718
51.93913439
74.86585826
73.96532376
71.77433409
70.729792
54.8732898
45.8386325
54.31006551
69.71972468
66.77977445
54.34901055
68.07578055
66.96408873
46.78804209
68.64196009
57.89958537
51.57005573
50.77671488
50.12631796
61.94254083
69.19049739
66.27433815
61.5377936
48.6757701
55.23949934
91.68329684
45.92764454
65.38113363
69.0326628
37.84588517
67.26671294
65.14430756
42.07210131
61.37876899
58.20840108
39.87193911
58.8906375
72.89732953
65.69593151
58.64053513
66.70204781
50.02884753
78.2504387
68.74214625
67.6650895
70.551221
59.11802009
62.73020629
61.4294772
76.73241044
84.12706896
43.01014
50.80235533
56.91566267
40.78324037
48.71891071
64.83658946
52.91317294
70.45785813
50.82804859
64.91472723
34.02011194
50.89466774
55.74118893
54.20355394
73.5316244
67.30225892
68.89805531
51.35763232
64.20302696
72.61884646
51.85625288
46.94566985
55.63313405
69.66188515
52.81540516
67.71801179
63.1480406
64.85792559
54.15221897
60.49876597
74.59918926
48.69478592
74.61836098
50.83499949
49.49781164
59.90189547
57.68917801
68.75051726
58.45768622
58.10309085
89.2940477
55.45151539
63.98911367
60.48109294
71.71241592
79.77914948
69.58538876
70.32870348
73.87531532
74.92206332
53.76607266
61.32178882
57.96744861
50.78827059
55.52497606
52.25156229
40.7493691
53.30196458
49.88810448
51.15567329
43.78156196
71.72148535
38.13300203
58.5980942
48.059792
53.09080537
58.22330117
59.47215655
73.8000253
69.1615484
51.94189979
58.72401511
61.88127645
52.91209356
76.6525483
46.79914706
59.81991102
56.55203434
59.87264158
55.12371655
59.6721913
59.51152027
59.47476982
66.45270421
47.4129928
49.31835299
52.734397
58.14175804
56.30412593
61.13648065
57.67296029
38.93208993
71.73131229
61.58963651
50.25140655
74.32987809
67.60472974
61.20891224
48.94301242
60.1748534
57.79908991
71.55229496
65.98978175
54.62601129
62.64861287
66.72542514
56.68204583
61.67462713
68.1444912
58.54454956
65.21376693
54.01243335
55.8099197
41.24785827
46.0656662
57.2838298
62.78915224
63.656578
54.58560653
62.9024236
66.86580987
57.25279623
65.78230262
57.36384722
60.6907805
65.86380175
60.82027084
59.93286744
59.45040928
68.04926377
70.84106302
53.32695188
53.75737287
66.90386161
57.154281
60.77406057
51.53738265
62.44614339
74.00981407
66.43985286
50.42949035
64.45983569
58.50153342
71.64779396
49.37826265
64.96491996
52.11586347
68.77731567
72.10596828
61.31728962
58.08579186
67.75204148
60.91037483
67.9189631
50.75496573
62.38121151
78.13695171
67.90997414
50.07216856
59.64608125
53.3889197
63.88898659
65.0872224
53.12592639
56.06054007
69.24896808
62.17212242
56.03129561
61.91687523
62.62904762
59.75750063
51.59659262
57.76815943
53.36859506
72.07002877
60.4655026
49.88761351
63.68859792
68.78067325
56.39748692
63.48923142
55.40037656
60.08435902
61.31200588
62.61518039
47.7793331
49.10963166
62.34507586
53.90580799
81.20607734
60.9456901
58.77288391
73.7830796
65.19590153
75.15664387
54.37289521
56.25877061
68.97476481
65.58464414
56.34494433
57.85873805
70.8612456
57.99818987
50.41541252
65.03811157
48.51217652
67.05636594
61.1755816
50.49328438
54.87572202
66.79079079
70.57508617
45.63711479
64.84351018
78.09307685
