20.24900378
20.20060457
20.02081904
20.07359171
19.96064787
19.85720219
19.97226581
19.92948165
20.27078059
20.02338641
20.0970734
19.70429742
19.9297331
19.66620544
20.06247102
20.04242046
19.91730609
19.70410694
20.28156873
20.10735297
19.7614379
19.87473064
19.99236038
20.50324827
19.99500822
20.00201445
19.77822832
19.82010535
19.76535749
20.1056198
19.90020701
20.15443705
20.04462322
20.01396683
20.25632118
20.37570421
20.07389974
19.94721377
20.20278722
20.01659204
20.09124022
20.2888767
19.94491483
19.91005659
19.8922616
19.67808427
19.83655065
19.97063637
20.27677093
20.36847984
20.14465223
20.24699715
20.08770662
20.01331178
19.85520436
20.06494787
20.04875906
19.8586927
19.82058815
19.9011198
19.95925102
20.13804896
19.77468152
20.19375677
20.34106033
19.98588159
19.60130185
20.22215696
20.018461
19.87918017
20.28529532
20.25608355
20.26018419
19.94088711
19.9124052
20.14838259
20.14829395
19.74604558
20.03758179
19.78242891
20.07635648
19.75870708
19.84620534
19.88918628
20.14464028
19.70761728
19.92222522
19.96886109
20.06155383
20.33080088
19.81573692
19.95875502
20.06406148
20.01237699
19.95499071
19.89891578
20.06276334
19.80479476
20.08290065
19.92180215
20.2150621
20.11818762
20.17624467
19.95549803
19.75910878
19.87222927
19.97084257
19.72005309
19.87107508
19.86465224
19.80198661
20.25100412
20.01932412
19.94467783
19.84259316
20.12645931
19.95226177
20.30450979
20.01627521
19.74524595
19.94184831
19.96703676
19.74828041
20.14303473
20.14581144
19.88329904
20.31727438
20.41839911
20.10927473
20.12837604
19.64262631
20.16812952
20.01093677
19.82732657
19.92404766
20.23106231
20.11356018
19.95936292
20.17345412
20.01599106
20.24280285
20.35954809
20.08178669
20.1668452
20.22345574
19.78453423
19.7178629
20.18970579
19.87484819
20.24653007
19.57451915
20.12949502
20.24460894
19.895352
20.0135909
20.44666791
20.11703344
19.86088289
20.0146948
20.32792736
20.16175445
20.25407064
20.18245251
20.28198615
20.16593241
19.91355813
20.19500965
19.65486724
19.63273336
20.1906651
20.04245566
19.7307331
19.96480257
19.80383734
20.49307998
19.83240978
19.89384263
19.74677104
19.94438299
20.0236077
20.12765247
20.24982981
19.95857649
20.06196622
19.97579627
19.85440787
20.08414411
20.37651767
19.94443329
19.86499485
20.10677902
20.08759095
19.80970132
20.32164407
20.33451553
19.6711296
20.04594777
20.10051962
19.93097216
20.08935555
19.86934443
19.86308314
20.02149671
19.59508834
19.7518599
20.16176262
19.81637499
19.83207094
19.94751112
19.86869504
20.00884528
20.11401281
20.11869054
19.68602026
19.94985407
20.02900522
19.79937649
19.90368592
20.22035779
19.62358158
19.88818359
19.91242343
19.98972197
19.9078796
20.01947877
19.81187076
19.974434
19.90593018
19.923006
19.9193605
20.00669846
20.00320824
20.11160573
20.13040907
20.26876265
20.37872232
19.85507549
20.27157268
19.80862005
19.92420231
20.01857352
20.0417585
19.74224921
19.94116812
20.16430926
20.09754488
20.01310685
19.85085604
20.19451302
19.8334923
20.11619671
19.81568725
19.94418686
20.05814973
19.94171566
19.99102074
20.1050886
19.83006494
20.01527944
20.01399701
20.00413109
20.06455371
19.95946602
19.85916293
19.93011029
20.17407899
19.98915367
19.90991891
19.84260322
20.24182405
19.88585321
20.13172922
20.17724735
19.8005269
20.106862
19.98885632
19.80067904
20.08227075
20.11074261
20.04991828
20.15098706
20.07448312
19.71547909
20.16657174
20.09115724
19.8659309
19.90651733
19.6843839
20.24038571
20.40577093
20.24921626
19.96821421
19.9881315
19.60318841
19.77563957
20.02082909
20.22454643
20.02804843
19.8734394
20.10923387
19.74163691
19.90157997
20.27717577
20.03690915
19.78599646
20.13515281
20.06552308
20.4128067
20.11699132
20.31138903
19.7382567
19.72490433
19.76057289
20.13371573
20.12249634
19.84727969
19.86820407
19.73650027
20.33814909
20.32944742
20.12375803
20.17324038
19.99420985
20.27481962
20.02977154
19.92476494
20.18478918
19.99469453
19.88967662
20.03817963
20.01521406
19.85798108
20.21725166
19.75318319
20.16847779
20.01286042
19.963302
20.16033749
19.94704278
19.8774294
19.68756483
20.14144112
19.99275328
20.19684906
19.89614284
19.83096076
19.94806433
20.05872431
19.88695711
19.75080441
20.0840102
20.15027795
20.05161876
20.45377346
20.37420867
19.98255104
20.1269245
19.80327093
19.77764368
19.77725895
19.86981025
20.21305296
20.03381497
20.18172266
19.74093094
19.68537339
20.1792741
20.18821088
19.50151173
20.01147992
20.02213039
19.87862759
20.39376511
20.1979385
19.99384649
20.14281533
19.91187274
20.0105357
20.18736347
19.93623704
20.07493763
20.08701512
20.02647619
19.6869758
19.95524594
19.60962571
19.92770636
19.77147607
20.19379511
19.75237664
19.68013931
19.74138797
20.302131
19.99794147
19.5958314
19.98246931
19.76288063
20.09106295
20.09267982
19.97891874
20.17261048
19.7691614
19.80302199
19.97552156
19.85319334
19.85112007
20.08669828
20.16878456
20.01892808
20.07148701
19.85338507
19.87943351
19.93734471
20.22284155
19.97394806
19.91219523
20.11754264
19.64691679
19.88197826
20.02225548
20.20449524
19.87895197
20.12514418
20.21964742
20.51486245
20.1969773
19.69373622
19.91377186
20.04430387
19.99875682
19.65284992
20.17665454
20.02681377
20.12957612
20.25388204
19.87503867
19.75414124
20.32056281
19.8985782
20.05212985
20.27998769
19.85261876
20.15054072
20.09597076
20.02065999
19.65697319
20.14250164
20.04877038
20.34071835
20.18172266
20.21317303
20.22194574
19.88944088
20.32091548
20.48363399
20.31208179
20.23191224
19.83461066
20.05568419
19.61206547
19.77028416
19.72299702
20.40670007
20.32895456
20.17598629
19.88814021
20.27284002
19.88988093
19.84706407
19.97170318
20.02346688
19.98779078
20.0836041
19.79896598
20.45877934
19.96127714
20.12072483
19.97981204
20.46810212
20.0453449
20.07424361
19.93313218
20.09223034
19.6478629
19.87864205
20.33327774
20.20764726
19.97331376
19.76147688
19.44308127
20.08976857
20.36127183
20.17390863
19.89748562
20.3177094
20.18671031
20.23610717
19.91926746
19.76271404
19.94208845
20.04026233
19.75070508
19.4698011
19.66832459
20.14465726
19.60367309
20.20004445
20.29544727
20.13884294
19.93888111
19.98739913
19.58044537
20.31570717
19.59045776
19.70229142
20.22221857
20.07017126
19.75486921
19.91340725
19.92906297
20.15895762
20.24411922
19.88088505
20.13058634
19.70500653
19.85399297
20.20811937
19.78784467
20.03046807
19.80232985
20.06736312
20.01259639
20.34505662
20.12057018
19.86370424
20.19077763
20.01038042
19.92424694
20.23534148
19.76373496
20.20722858
20.13142873
19.85484604
19.86841906
19.86272482
20.02197071
20.28027372
20.41123258
19.88188082
20.72922396
19.64404956
20.07328367
20.22957809
20.23723118
19.83033966
20.00930482
19.88936544
20.36099585
20.10154934
20.09723622
20.17013049
19.77005722
19.92841987
19.97929404
19.95531572
20.10869512
19.98283896
20.10129599
19.73552776
19.65941421
20.21001033
19.82324102
19.67986396
19.8901789
19.82942058
20.0319171
20.19171116
19.98186707
19.90569066
20.18835987
19.65487541
19.69222685
20.28899929
20.08167354
19.72364516
20.53708183
20.05816984
20.01151638
19.99972367
20.65272757
19.7317427
19.99022425
20.0242772
19.99143125
19.97268952
19.98314888
20.07171898
19.74348889
19.60570361
19.99578145
20.11960081
19.9793437
19.99917738
19.69555928
19.9064312
20.1198221
19.93426247
19.98861115
19.82814632
20.2511179
19.77557356
19.97827501
19.63991937
20.07910365
20.08997602
19.65898799
20.14676195
19.80852198
19.9874796
19.94885327
20.19873939
20.00429202
20.04975295
19.717729
20.02320725
19.9532632
20.17796463
19.96706128
20.25200743
20.0376522
19.91390011
19.77857093
20.03741018
19.8146764
20.23302556
19.96736303
20.23313558
20.09914855
19.97257385
19.78696394
20.0679729
19.92189896
19.66280134
19.98989107
20.08536744
20.08416862
20.17305556
20.06614984
20.02997145
20.06118859
20.02016902
19.87334008
19.69371107
20.10499053
19.70369266
20.29131458
20.13681808
19.89877748
20.03310712
19.61768931
19.75198751
19.95987464
19.73489723
19.93656519
19.97201624
20.00001033
19.68469005
19.96564495
19.67218509
19.88822005
20.11400966
19.9379086
19.92144382
20.08109959
20.12398748
19.96211638
19.68022166
20.25423471
20.02030041
20.43928262
20.35744088
19.848994
19.92178895
20.03691921
20.02474051
20.04176227
19.76898916
19.71630009
19.95444254
19.80886837
20.05631849
19.80118132
20.27808353
19.94411896
20.08469605
19.88495362
20.04637148
20.25451383
19.79599753
19.92015636
19.88765302
20.07770806
19.9172602
20.21585482
20.04097207
19.70022381
20.18913939
20.29821896
20.20973498
19.86179191
19.77515363
19.91128118
20.01281013
19.92479386
19.83191001
20.12811892
19.90308682
19.84106242
20.1865871
20.18337348
20.34895986
20.02413827
20.13869018
20.28592585
20.21575172
19.8311745
19.95645294
20.1374046
19.82977639
20.36789521
19.97374564
19.92508052
20.02268359
19.61426258
19.77752424
20.22912735
20.19307155
19.91276918
19.95336756
19.977173
19.99651256
20.13768184
19.94922103
19.78075295
19.7680858
19.57339011
20.08807627
19.94719051
19.99709343
19.76118456
19.54729767
20.05718413
20.04386382
20.02525537
19.94116434
20.26651776
19.9368638
20.2187428
20.01670143
20.22954414
20.37607511
19.8116784
20.03684565
20.07095078
20.14640551
19.89055295
19.81134899
19.87713268
19.97527136
19.75971228
20.05144965
19.90039812
19.90483634
20.2512562
19.91592119
19.99364595
20.01310873
19.90879616
19.8982161
19.87524927
20.16473485
19.91741108
20.39228214
20.47586648
20.014427
20.01467405
20.03742401
20.06987329
19.91907887
20.27115778
19.99518236
20.00250353
19.70663974
19.82903082
20.09631211
19.91251458
20.21724978
20.15551769
19.85575065
19.89149591
20.09052106
20.12049411
19.74742608
20.05262773
20.12651903
20.09251071
20.31304801
20.22300437
20.02067005
19.47973554
19.91181301
19.69769038
19.92292805
20.17337491
19.86197799
19.89068307
20.10147767
20.07949906
20.35166554
19.82946144
19.91300806
20.19307595
20.05937244
20.42298757
19.86140718
19.93383374
19.78093714
20.27177196
20.34708085
19.9137354
20.10782068
19.56796807
20.08488527
20.09069896
19.66518201
19.91369643
20.05521774
19.90067221
19.69859626
20.07552038
19.85405709
20.07805759
19.94552335
19.86397079
20.02438407
20.07466857
20.20464612
19.86008137
19.89407146
20.01109016
19.70973455
19.91113031
20.20581036
20.14809593
19.49608088
20.19000251
19.93189689
19.97840703
20.11823477
19.88999723
19.83692406
20.06211646
19.93397393
20.15942722
20.12769836
19.84234045
19.87233048
19.95093597
20.13381883
19.92742096
20.12313441
19.88934595
20.00744655
20.14591328
19.79791929
20.01422269
19.84409185
20.22309552
20.09480714
19.73200925
20.03027697
19.96148396
19.87737785
19.99308961
19.9974417
20.25347971
19.90002156
20.0190186
19.71088811
20.28669405
19.83146179
19.85367362
20.39863018
20.12726334
20.07080808
20.02112833
20.1329337
19.85709532
20.13047319
19.76749361
19.9593931
19.78375472
19.5277211
19.75986944
19.96519484
20.03701162
19.79744278
19.70110077
20.11818825
20.13892969
20.05586398
19.77745572
19.90742069
20.0848595
19.93352696
19.88487504
20.20782894
20.05480975
20.14497221
20.2035089
19.91488959
19.87661468
20.04939085
19.70605447
20.40449227
20.04761682
20.11502492
19.92008029
19.74539431
20.09850922
19.82460958
19.77781216
20.04705733
19.90330874
19.95429795
19.85162676
19.7199852
20.00476602
19.77483868
20.47073236
20.1250216
19.97543103
20.11858807
20.15112033
20.08238956
19.73782419
19.80187912
20.11368969
20.07328745
19.58383187
19.94101913
20.10828587
20.07669469
19.75890636
19.55339487
20.16452174
20.00557822
19.79646839
20.10206231
19.97420015
19.98768139
19.99110372
20.56012095
19.87686174
20.02813518
20.24785399
20.13641198
19.95402134
19.97693537
19.87783236
19.65200314
20.23882291
19.98297726
19.82062147
20.19174448
20.03139281
19.97262225
19.97906396
19.86213955
20.1773341
20.06532003
19.92711921
20.18369283
20.30079702
19.89823182
20.28448815
20.29336521
20.1293957
19.82321022
20.20676213
19.77022255
20.29545733
20.24024175
20.25465087
20.00567252
19.75969467
19.90351744
19.95106861
20.18659275
